-4.129432240924687747e+00
-3.912286002416478059e+00
-3.695136948780590291e+00
-3.477990278267697910e+00
-3.260843163184052429e+00
-3.043696113832560446e+00
-2.826548572296899486e+00
-2.609402219989918503e+00
-2.392254471981422270e+00
-2.337966911544404613e+00
-2.283680237798654478e+00
-2.229393912815849532e+00
-2.175107177796115732e+00
-2.120820367685397390e+00
-2.066533465646875012e+00
-2.012246616832751744e+00
-1.957960303448398554e+00
-1.903674071368302689e+00
-1.849384767165168864e+00
-1.795098989990579819e+00
-1.740812417057195027e+00
-1.686525086736126555e+00
-1.632237933334151680e+00
-1.577952135294121927e+00
-1.523665530548243385e+00
-1.469377742893922534e+00
-1.415091231490723800e+00
-1.360804465944533304e+00
-1.306517520409135269e+00
-1.252230959002084809e+00
-1.197944308761810905e+00
-1.149856955746986209e+00
-1.106567272678821601e+00
-1.067204185372161662e+00
-1.031114231716990348e+00
-9.977950479416676233e-01
-9.668497753074268841e-01
-9.379635764758033067e-01
-9.108794453655458812e-01
-8.853890157678268036e-01
-8.613089793391756066e-01
-8.384942434340910689e-01
-8.168184481041335099e-01
-7.961732651016161233e-01
-7.764677179236640914e-01
-7.576151248141971273e-01
-7.395469823929136099e-01
-7.222006086498583555e-01
-7.055205467967294863e-01
-6.894596202169930299e-01
-6.739694816584747006e-01
-6.590128609168520724e-01
-6.334668486929762032e-01
-6.079188802018399285e-01
-5.823722213446148599e-01
-5.568262281384223078e-01
-5.312791006958988982e-01
-5.057326710858250918e-01
-4.801864392112383806e-01
-4.546396826255558188e-01
-4.290917993182816192e-01
-4.035458602603494982e-01
-3.779985120107982044e-01
-3.524517555550952252e-01
-2.076874713875219436e-01
-6.292264375980463620e-02
8.184397757876134272e-02
2.266076373844937986e-01
3.713726854400105637e-01
5.161372534533829048e-01
6.609015096757470120e-01
8.056666603915754177e-01
9.504310646310063504e-01
1.095197257007932690e+00
1.239959805364627465e+00
1.384726069942602278e+00
1.529490668856618774e+00
1.674255644710591406e+00
1.819020492779129583e+00
1.963784994981002452e+00
2.108551494098978907e+00
2.253313769466734229e+00
2.398078960675111837e+00
2.542844092510004650e+00
2.687609213559864152e+00
2.832374132771382946e+00
2.977138971591350547e+00
3.121904385643019531e+00
