8.486081705668097070e-14
4.373835290088815067e-06
8.506332582458214658e-13
2.951613509616271265e-12
1.096064241745300465e-11
-7.386916127560290808e-07
2.217582925685366073e-06
-7.849841381881023611e-07
-6.817520432252681207e-08
7.135865635758122553e-07
7.034112288622041324e-07
-9.724879629954489622e-07
6.658292637866566510e-07
-3.701846525179700123e-06
-6.541626820513276196e-06
-2.204165818265872095e-06
-7.146272797328082947e-06
-4.531365513341140064e-06
-1.214402408990228124e-05
-1.619298960392542022e-05
-1.720952064890898290e-05
-1.832144526894365053e-05
-2.761688757626304402e-05
-3.341176374725611471e-05
-3.831107272568869105e-05
-3.963960543148376659e-05
-3.705571910923182756e-05
-2.213210953721693404e-05
9.646929019100543911e-06
4.857265244312610765e-04
2.589600007183176858e-04
-1.034033839773517040e-04
3.747980019408292504e-04
3.259834249841593134e-04
2.889185598280206253e-04
5.718825275216713215e-04
5.883319774274257691e-04
5.453085331084959238e-04
7.513715569251672513e-04
7.829783936518917202e-04
7.365256478746041438e-04
9.317785496400091474e-04
1.049300467146121888e-03
1.059640091549954397e-03
1.218073950122680691e-03
1.310540440016174984e-03
1.284531290200510104e-03
1.396426044044108729e-03
1.499317639693847166e-03
1.519373681098159720e-03
1.641392589199990861e-03
1.786301054839166099e-03
1.911369954491988054e-03
2.076368092353541358e-03
2.228606831060242922e-03
2.393243319533672718e-03
2.620296400119371052e-03
2.814157861372953724e-03
2.993153185756609880e-03
3.209588870852815839e-03
3.416426518225654848e-03
3.612724751793475013e-03
3.821842895136607406e-03
4.014614470952824164e-03
4.902066901371807985e-03
5.180904814844585968e-03
4.929041411772641483e-03
4.474396697111732331e-03
4.084735583943224432e-03
3.818378930417953062e-03
3.601343320473500507e-03
3.431412799489199240e-03
3.250702501300389499e-03
3.064736365780543204e-03
2.819120062680226073e-03
2.776237921007887553e-03
2.549833720429890704e-03
2.670272883280098812e-03
1.919604825217202833e-03
4.357197727147035771e-04
-6.948682682205003505e-04
-2.503887886894809543e-03
-5.230048402367394773e-03
-9.028715344024525538e-03
-1.432924310823284128e-02
-1.895006320933399074e-02
-2.803782982277890773e-02
-3.935551525653830512e-02
