4.987115925998345132e-12
1.349489499948369079e-11
3.640085460944806399e-11
9.766477141561569339e-11
2.595745815213479419e-10
-7.201141575624799570e-07
-1.455340598858741225e-06
-4.461212185274344020e-06
-4.456472292376513230e-06
-3.641305417506793614e-06
-3.607298938920714147e-06
-5.209026619760124524e-06
-3.708429763518861052e-06
-7.723270981780431491e-06
-1.151426254857483903e-05
-1.133598043377566199e-05
-1.644597986640752214e-05
-1.845060382265092841e-05
-2.826562935860429197e-05
-3.707356061774435478e-05
-4.129649923614369604e-05
-4.913209117467150108e-05
-6.997801589772954377e-05
-9.486409942325619996e-05
-1.201814997489526629e-04
-1.503358280071476856e-04
-1.870865937198323760e-04
-2.607427895827112304e-04
-3.405965272570724510e-04
-1.047575748655138783e-05
-4.078674897043333076e-04
-1.018958782975528310e-03
-7.918592531870488095e-04
-1.155623423708248979e-03
-1.539947388418830797e-03
-1.717939592818969619e-03
-2.050783933242017118e-03
-2.410244776310670016e-03
-2.612410008480859584e-03
-2.920722996422184508e-03
-3.463737979545847799e-03
-3.914763588886319839e-03
-4.491705554858658501e-03
-5.273702601643852697e-03
-5.952430337009088045e-03
-6.630658209153720596e-03
-7.449027797406472008e-03
-8.152548136537297874e-03
-9.067989378859168254e-03
-1.017976614981203065e-02
-1.141590827643717936e-02
-1.269887739980686374e-02
-1.535253219662328569e-02
-1.814815753426546330e-02
-2.147285267723803015e-02
-2.570556957433686035e-02
-3.060545688632192521e-02
-3.590143638045669577e-02
-4.174400671427414694e-02
-4.823161627989409894e-02
-5.476278898901907471e-02
-6.096350255758694464e-02
-6.658245371424542647e-02
-7.095604277221732870e-02
-7.362879206595086823e-02
-6.917011443602867626e-02
-6.441755947181232456e-02
-6.549752305843158096e-02
-7.509367040111364355e-02
-9.378585346157097824e-02
-1.179398583675739659e-01
-1.443769031437428241e-01
-1.736499926634554325e-01
-2.046979305730989851e-01
-2.366499168581362167e-01
-2.682920781018415801e-01
-3.003520221313054628e-01
-3.349737518783157952e-01
-3.681079897940810475e-01
-3.948641489646246838e-01
-4.132091527321664071e-01
-4.247443469355726142e-01
-4.316981931834085184e-01
-4.352096066167627231e-01
-4.372269768390286693e-01
-4.395716804721875870e-01
-4.422068072908678649e-01
-4.435802082751617026e-01
